(1   )   (0   )   (0   )   (0   )   (0   )   (0   )   (0   )   (0   )   (0   )   (0   )   (0   )   

(1   )   (-1  )   (-1  )   (-1  )   (-1  )   (-1  )   (-1  )   (-1  )   (-1  )   (-1  )   (-1  )   

(1   )   (-2  )   (-1  )   (0   )   (1   )   (2   )   (3   )   (4   )   (5   )   (6   )   (7   )   

(1   )   (-3  )   (0   )   (2   )   (3   )   (3   )   (2   )   (0   )   (-3  )   (-7  )   (-12 )   

(1   )   (-4  )   (2   )   (4   )   (3   )   (0   )   (-4  )   (-8  )   (-11 )   (-12 )   (-10 )   

(1   )   (-5  )   (5   )   (5   )   (0   )   (-6  )   (-10 )   (-10 )   (-5  )   (5   )   (19  )   

(1   )   (-6  )   (9   )   (4   )   (-6  )   (-12 )   (-10 )   (0   )   (15  )   (30  )   (39  )   

(1   )   (-7  )   (14  )   (0   )   (-14 )   (-14 )   (0   )   (20  )   (35  )   (35  )   (14  )   

(1   )   (-8  )   (20  )   (-8  )   (-22 )   (-8  )   (20  )   (40  )   (35  )   (0   )   (-56 )   

(1   )   (-9  )   (27  )   (-21 )   (-27 )   (9   )   (45  )   (45  )   (0   )   (-70 )   (-126)   

(1   )   (-10 )   (35  )   (-40 )   (-25 )   (38  )   (65  )   (20  )   (-70 )   (-140)   (-126)   

