(0   )   (1   )   (1   )   (1   )   (1   )   (1   )   (1   )   (1   )   (1   )   (1   )   (1   )   

(0   )   (1   )   (0   )   (-1  )   (-2  )   (-3  )   (-4  )   (-5  )   (-6  )   (-7  )   (-8  )   

(0   )   (1   )   (-1  )   (-2  )   (-2  )   (-1  )   (1   )   (4   )   (8   )   (13  )   (19  )   

(0   )   (1   )   (-2  )   (-2  )   (0   )   (3   )   (6   )   (8   )   (8   )   (5   )   (-2  )   

(0   )   (1   )   (-3  )   (-1  )   (3   )   (6   )   (6   )   (2   )   (-6  )   (-17 )   (-29 )   

(0   )   (1   )   (-4  )   (1   )   (6   )   (6   )   (0   )   (-10 )   (-20 )   (-25 )   (-20 )   

(0   )   (1   )   (-5  )   (4   )   (8   )   (2   )   (-10 )   (-20 )   (-20 )   (-5  )   (25  )   

(0   )   (1   )   (-6  )   (8   )   (8   )   (-6  )   (-20 )   (-20 )   (0   )   (35  )   (70  )   

(0   )   (1   )   (-7  )   (13  )   (5   )   (-17 )   (-25 )   (-5  )   (35  )   (70  )   (70  )   

(0   )   (1   )   (-8  )   (19  )   (-2  )   (-29 )   (-20 )   (25  )   (70  )   (70  )   (0   )   

(0   )   (1   )   (-9  )   (26  )   (-14 )   (-39 )   (-1  )   (64  )   (84  )   (14  )   (-126)   

