1      1      1      1      1      1      1      1      1      1      1      

1      2      1      2      5      10     17     26     37     50     65     

1      5      2      4      5      5      10     32     89     205    410    

1      10     4      8      9      18     40     64     73     74     148    

1      17     13     17     18     36     52     68     157    433    941    

1      26     41     26     36     72     100    200    425    650    761    

1      37     106    32     100    148    200    400    625    925    2146   

1      50     232    64     260    232    400    800    1225   2450   5096   

1      65     449    233    509    353    1025   1625   2450   4900   8036   

1      82     793    802    733    922    2425   2650   4900   9800   15876  

1      101    1306   2276   821    2965   4226   4496   11956  19796  31752  

