(1              )   (0              )   (0              )   (0              )   (0              )   (0              )   (0              )   (0              )   (0              )   (0              )   (0              )   (0              )   (0              )   (0              )   (0              )   (0              )   (0              )   (0              )   (0              )   (0              )   (0              )   (0              )   (0              )   (0              )   (0              )   (0              )   (0              )   (0              )   (0              )   (0              )   (0              )   (0              )   (0              )   (0              )   (0              )   (0              )   (0              )   (0              )   (0              )   (0              )   (0              )   (0              )   (0              )   (0              )   (0              )   (0              )   (0              )   (0              )   (0              )   (0              )   (0              )   

(1              )   (-1             )   (-1             )   (-1             )   (-1             )   (-1             )   (-1             )   (-1             )   (-1             )   (-1             )   (-1             )   (-1             )   (-1             )   (-1             )   (-1             )   (-1             )   (-1             )   (-1             )   (-1             )   (-1             )   (-1             )   (-1             )   (-1             )   (-1             )   (-1             )   (-1             )   (-1             )   (-1             )   (-1             )   (-1             )   (-1             )   (-1             )   (-1             )   (-1             )   (-1             )   (-1             )   (-1             )   (-1             )   (-1             )   (-1             )   (-1             )   (-1             )   (-1             )   (-1             )   (-1             )   (-1             )   (-1             )   (-1             )   (-1             )   (-1             )   (-1             )   

(1              )   (-2             )   (-1             )   (0              )   (1              )   (2              )   (3              )   (4              )   (5              )   (6              )   (7              )   (8              )   (9              )   (10             )   (11             )   (12             )   (13             )   (14             )   (15             )   (16             )   (17             )   (18             )   (19             )   (20             )   (21             )   (22             )   (23             )   (24             )   (25             )   (26             )   (27             )   (28             )   (29             )   (30             )   (31             )   (32             )   (33             )   (34             )   (35             )   (36             )   (37             )   (38             )   (39             )   (40             )   (41             )   (42             )   (43             )   (44             )   (45             )   (46             )   (47             )   

(1              )   (-3             )   (0              )   (2              )   (3              )   (3              )   (2              )   (0              )   (-3             )   (-7             )   (-12            )   (-18            )   (-25            )   (-33            )   (-42            )   (-52            )   (-63            )   (-75            )   (-88            )   (-102           )   (-117           )   (-133           )   (-150           )   (-168           )   (-187           )   (-207           )   (-228           )   (-250           )   (-273           )   (-297           )   (-322           )   (-348           )   (-375           )   (-403           )   (-432           )   (-462           )   (-493           )   (-525           )   (-558           )   (-592           )   (-627           )   (-663           )   (-700           )   (-738           )   (-777           )   (-817           )   (-858           )   (-900           )   (-943           )   (-987           )   (-1032          )   

(1              )   (-4             )   (2              )   (4              )   (3              )   (0              )   (-4             )   (-8             )   (-11            )   (-12            )   (-10            )   (-4             )   (7              )   (24             )   (48             )   (80             )   (121            )   (172            )   (234            )   (308            )   (395            )   (496            )   (612            )   (744            )   (893            )   (1060           )   (1246           )   (1452           )   (1679           )   (1928           )   (2200           )   (2496           )   (2817           )   (3164           )   (3538           )   (3940           )   (4371           )   (4832           )   (5324           )   (5848           )   (6405           )   (6996           )   (7622           )   (8284           )   (8983           )   (9720           )   (10496          )   (11312          )   (12169          )   (13068          )   (14010          )   

(1              )   (-5             )   (5              )   (5              )   (0              )   (-6             )   (-10            )   (-10            )   (-5             )   (5              )   (19             )   (35             )   (50             )   (60             )   (60             )   (44             )   (5              )   (-65            )   (-175           )   (-335           )   (-556           )   (-850           )   (-1230          )   (-1710          )   (-2305          )   (-3031          )   (-3905          )   (-4945          )   (-6170          )   (-7600          )   (-9256          )   (-11160         )   (-13335         )   (-15805         )   (-18595         )   (-21731         )   (-25240         )   (-29150         )   (-33490         )   (-38290         )   (-43581         )   (-49395         )   (-55765         )   (-62725         )   (-70310         )   (-78556         )   (-87500         )   (-97180         )   (-107635        )   (-118905        )   (-131031        )   

(1              )   (-6             )   (9              )   (4              )   (-6             )   (-12            )   (-10            )   (0              )   (15             )   (30             )   (39             )   (36             )   (16             )   (-24            )   (-84            )   (-160           )   (-243           )   (-318           )   (-363           )   (-348           )   (-234           )   (28             )   (498            )   (1248           )   (2363           )   (3942           )   (6099           )   (8964           )   (12684          )   (17424          )   (23368          )   (30720          )   (39705          )   (50570          )   (63585          )   (79044          )   (97266          )   (118596         )   (143406         )   (172096         )   (205095         )   (242862         )   (285887         )   (334692         )   (389832         )   (451896         )   (521508         )   (599328         )   (686053         )   (782418         )   (889197         )   

(1              )   (-7             )   (14             )   (0              )   (-14            )   (-14            )   (0              )   (20             )   (35             )   (35             )   (14             )   (-28            )   (-84            )   (-140           )   (-176           )   (-168           )   (-91            )   (77             )   (350            )   (728            )   (1190           )   (1686           )   (2128           )   (2380           )   (2247           )   (1463           )   (-322           )   (-3556          )   (-8800          )   (-16744         )   (-28224         )   (-44240         )   (-65975         )   (-94815         )   (-132370        )   (-180496        )   (-241318        )   (-317254        )   (-411040        )   (-525756        )   (-664853        )   (-832181        )   (-1032018       )   (-1269100       )   (-1548652       )   (-1876420       )   (-2258704       )   (-2702392       )   (-3214995       )   (-3804683       )   (-4480322       )   

(1              )   (-8             )   (20             )   (-8             )   (-22            )   (-8             )   (20             )   (40             )   (35             )   (0              )   (-56            )   (-112           )   (-140           )   (-112           )   (-8             )   (176            )   (421            )   (680            )   (876            )   (904            )   (638            )   (-56            )   (-1300          )   (-3176          )   (-5689          )   (-8720          )   (-11968         )   (-14880         )   (-16568         )   (-15712         )   (-10448         )   (1760           )   (24265          )   (61400          )   (118660         )   (202904         )   (322578         )   (487960         )   (711428         )   (1007752        )   (1394411        )   (1891936        )   (2524280        )   (3319216        )   (4308764        )   (5529648        )   (7023784        )   (8838800        )   (11028589       )   (13653896       )   (16782940       )   

(1              )   (-9             )   (27             )   (-21            )   (-27            )   (9              )   (45             )   (45             )   (0              )   (-70            )   (-126           )   (-126           )   (-42            )   (126            )   (342            )   (534            )   (603            )   (441            )   (-43            )   (-891           )   (-2061          )   (-3393          )   (-4581          )   (-5157          )   (-4494          )   (-1836          )   (3636           )   (12692          )   (25884          )   (43308          )   (64284          )   (86940          )   (107685         )   (120555         )   (116415         )   (81999          )   (-1231          )   (-158427        )   (-422919        )   (-838023        )   (-1459116       )   (-2356002       )   (-3615594       )   (-5344938       )   (-7674606       )   (-10762486      )   (-14797998      )   (-20006766      )   (-26655777      )   (-35059059      )   (-45583911      )   

(1              )   (-10            )   (35             )   (-40            )   (-25            )   (38             )   (65             )   (20             )   (-70            )   (-140           )   (-126           )   (0              )   (210            )   (420            )   (510            )   (360            )   (-105           )   (-870           )   (-1795          )   (-2600          )   (-2879          )   (-2150          )   (55             )   (4060           )   (9880           )   (17032          )   (24340          )   (29760          )   (30260          )   (21800          )   (-532           )   (-42160         )   (-108355        )   (-203170        )   (-327865        )   (-478696        )   (-643925        )   (-799890        )   (-905955        )   (-898140        )   (-681210        )   (-118980        )   (977430         )   (2863680        )   (5878950        )   (10465676       )   (17192650       )   (26781880       )   (40139635       )   (58392130       )   (82926337       )   

(1              )   (-11            )   (44             )   (-66            )   (-11            )   (77             )   (66             )   (-44            )   (-154           )   (-154           )   (0              )   (252            )   (462            )   (462            )   (132            )   (-528           )   (-1353          )   (-2013          )   (-2068          )   (-1078          )   (1243           )   (4851           )   (9206           )   (13156          )   (14916          )   (12188          )   (2464           )   (-16456         )   (-45716         )   (-84436         )   (-128568        )   (-169664        )   (-193699        )   (-180159        )   (-101684        )   (75350          )   (388817         )   (876777         )   (1570602        )   (2484372        )   (3599442        )   (4842882        )   (6058272        )   (6967092        )   (7118682        )   (5826458        )   (2087756        )   (-5515664       )   (-18939789      )   (-40826929      )   (-74684852      )   

(1              )   (-12            )   (54             )   (-100           )   (21             )   (120            )   (32             )   (-144           )   (-210           )   (-56            )   (252            )   (504            )   (462            )   (0              )   (-792           )   (-1584          )   (-1881          )   (-1188          )   (770            )   (3828           )   (7227           )   (9592           )   (9096           )   (3840           )   (-7556          )   (-25200         )   (-47112         )   (-68496         )   (-81300         )   (-74304         )   (-34000         )   (53472          )   (199101         )   (406340         )   (664974         )   (943692         )   (1181809        )   (1280952        )   (1098000        )   (441168         )   (-928134        )   (-3284136       )   (-6911628       )   (-12061080      )   (-18876582      )   (-27287488      )   (-36852648      )   (-46543824      )   (-54452285      )   (-57399636      )   (-50430630      )   

(1              )   (-13            )   (65             )   (-143           )   (78             )   (156            )   (-52            )   (-260           )   (-182           )   (182            )   (546            )   (546            )   (0              )   (-924           )   (-1716          )   (-1716          )   (-429           )   (2145           )   (5291           )   (7579           )   (7150           )   (2288           )   (-7800          )   (-22152         )   (-37388         )   (-47476         )   (-44188         )   (-18460         )   (37232          )   (125528         )   (240136         )   (361608         )   (453765         )   (461903         )   (314197         )   (-72059         )   (-777634        )   (-1860300       )   (-3324204       )   (-5079036       )   (-6889506       )   (-8317374       )   (-8660730       )   (-6898554       )   (-1652976       )   (8812700        )   (26535028       )   (53696500       )   (92331863       )   (143836797      )   (208205439      )   

(1              )   (-14            )   (77             )   (-196           )   (168            )   (168            )   (-196           )   (-352           )   (-14            )   (532            )   (714            )   (168            )   (-924           )   (-1848          )   (-1716          )   (0              )   (3003           )   (6006           )   (7007           )   (4004           )   (-4004          )   (-16016         )   (-28392         )   (-34944         )   (-28028         )   (-728           )   (50036          )   (119952         )   (194104         )   (245168         )   (234248         )   (115584         )   (-153867        )   (-599494        )   (-1209103       )   (-1909556       )   (-2543072       )   (-2848104       )   (-2451708       )   (-882336        )   (2386230        )   (7847868        )   (15821886       )   (26244792       )   (38388924       )   (50507576       )   (59417204       )   (60043648       )   (44982511       )   (4155582        )   (-75312573      )   

(1              )   (-15            )   (90             )   (-260           )   (300            )   (132            )   (-400           )   (-360           )   (330            )   (890            )   (540            )   (-720           )   (-1980          )   (-1980          )   (0              )   (3432           )   (6435           )   (6435           )   (1430           )   (-8580          )   (-20592         )   (-28600         )   (-24960         )   (-3120          )   (38740          )   (94068          )   (145560         )   (165440         )   (119640         )   (-23400         )   (-279488        )   (-632400        )   (-1017435       )   (-1309195       )   (-1319310       )   (-810660        )   (465380         )   (2703420        )   (5947920        )   (9969000        )   (14119902       )   (17195310       )   (17321460       )   (11922480       )   (-2178180       )   (-28448452      )   (-70046400      )   (-128837160     )   (-203941945     )   (-289751385     )   (-373375122     )   

(1              )   (-16            )   (104            )   (-336           )   (484            )   (16             )   (-648           )   (-208           )   (842            )   (1072           )   (-168           )   (-1968          )   (-2508          )   (-528           )   (3432           )   (6864           )   (6435           )   (0              )   (-11440         )   (-22880         )   (-26312         )   (-13728         )   (18512          )   (65312          )   (110292         )   (126880         )   (84304          )   (-41376         )   (-252616        )   (-515296        )   (-747984        )   (-821408        )   (-574043        )   (151632         )   (1450712        )   (3278672        )   (5365372        )   (7138032        )   (7679112        )   (5752272        )   (-65826         )   (-11110320      )   (-28179480      )   (-50899920      )   (-76923060      )   (-101015152     )   (-114164648     )   (-102909008     )   (-49176633      )   (68955872       )   (275083520      )   

(1              )   (-17            )   (119            )   (-425           )   (731            )   (-221           )   (-901           )   (187            )   (1445           )   (833            )   (-1479          )   (-3111          )   (-1683          )   (2805           )   (7293           )   (7293           )   (0              )   (-12870         )   (-24310         )   (-24310         )   (-4862          )   (34034          )   (80002          )   (108290         )   (87958          )   (-5746          )   (-175202        )   (-385186        )   (-555050        )   (-565114        )   (-282506        )   (392054         )   (1460827        )   (2760545        )   (3907993        )   (4285241        )   (3093269        )   (-499443        )   (-7096395       )   (-16702347      )   (-28272717      )   (-39251385      )   (-45210225      )   (-39751185      )   (-14874405      )   (37956563       )   (125822219      )   (251242507      )   (407883890      )   (575193028      )   (712364804      )   

(1              )   (-18            )   (135            )   (-528           )   (1053           )   (-630           )   (-1089          )   (900            )   (1971           )   (-86            )   (-3231          )   (-3384          )   (1155           )   (7326           )   (9009           )   (1716           )   (-12870         )   (-25740         )   (-24310         )   (0              )   (43758          )   (87516          )   (99450          )   (47736          )   (-80886         )   (-262548        )   (-426258        )   (-461040        )   (-245718        )   (299268         )   (1146990        )   (2104056        )   (2780775        )   (2619666        )   (1006569        )   (-2524176       )   (-8001389       )   (-14687370      )   (-20784879      )   (-23294436      )   (-18162459      )   (-868410        )   (32424135       )   (83093400       )   (147721365      )   (215426738      )   (265335831      )   (264933900      )   (170332776      )   (-70241976      )   (-508263228     )   

(1              )   (-19            )   (152            )   (-646           )   (1463           )   (-1273          )   (-1102          )   (1976           )   (2147           )   (-1881          )   (-4940          )   (-1862          )   (6061           )   (11077          )   (5434           )   (-10868         )   (-27170         )   (-27170         )   (0              )   (48620          )   (92378          )   (92378          )   (16796          )   (-134368        )   (-310726        )   (-411502        )   (-312664        )   (78812          )   (755174         )   (1545878        )   (2094332        )   (1904408        )   (477071         )   (-2464813       )   (-6697576       )   (-11234890      )   (-14187927      )   (-12872519      )   (-4282658       )   (13992664       )   (42419077       )   (77875585       )   (112036540      )   (130281670      )   (111816235      )   (31800243       )   (-133717402     )   (-399455164     )   (-758990188     )   (-1169897716    )   (-1537676992    )   

(1              )   (-20            )   (170            )   (-780           )   (1975           )   (-2224          )   (-780           )   (3400           )   (1595           )   (-4580          )   (-5758          )   (2260           )   (12045          )   (11000          )   (-5720          )   (-27456         )   (-32890         )   (-5720          )   (48620          )   (97240          )   (92378          )   (0              )   (-167960        )   (-335920        )   (-377910        )   (-167960        )   (342380         )   (1046520        )   (1644070        )   (1679600        )   (682176         )   (-1602080       )   (-4933825       )   (-8352780       )   (-10120730      )   (-7960468       )   (321385         )   (15824720       )   (37287100       )   (59845080       )   (74278829       )   (67316260       )   (23601630       )   (-70189780      )   (-218936885     )   (-410769112     )   (-608087000     )   (-740107360     )   (-700187220     )   (-352104560     )   (450013880      )   

(1              )   (-21            )   (189            )   (-931           )   (2604           )   (-3570          )   (98             )   (5058           )   (-147           )   (-7917          )   (-4515          )   (9261           )   (16786          )   (3696           )   (-24024         )   (-40040         )   (-18018         )   (42042          )   (102102         )   (102102         )   (0              )   (-184756        )   (-352716        )   (-352716        )   (-58786         )   (529074         )   (1207374        )   (1569134        )   (1120164        )   (-488376        )   (-3165400       )   (-6131832       )   (-7861497       )   (-6346627       )   (238203         )   (12519195       )   (28761516       )   (43943466       )   (49581126       )   (34852006       )   (-10559325      )   (-91800723      )   (-202831613     )   (-320224653     )   (-398781978     )   (-371677320     )   (-158226096     )   (317840544      )   (1097868044     )   (2146137924     )   (3300360924     )   

(1              )   (-22            )   (209            )   (-1100          )   (3366           )   (-5412          )   (1826           )   (6688           )   (-3575          )   (-11198         )   (121            )   (18412          )   (16676          )   (-13200         )   (-44616         )   (-36608         )   (25454          )   (103532         )   (121550         )   (19448          )   (-184756        )   (-369512        )   (-352716        )   (0              )   (646646         )   (1293292        )   (1442518        )   (596904         )   (-1421200       )   (-4149904       )   (-6338552       )   (-6139584       )   (-1737417       )   (7638950        )   (20570407       )   (32613196       )   (36336322       )   (22756756       )   (-15549050      )   (-79859296      )   (-160122633     )   (-230804706     )   (-250034873     )   (-164596300     )   (77071028       )   (502957664      )   (1088086208     )   (1722378944     )   (2184565900     )   (2134967736     )   (1143052812     )   

(1              )   (-23            )   (230            )   (-1288          )   (4278           )   (-7866          )   (4784           )   (7820           )   (-9131          )   (-13179         )   (9338           )   (27508          )   (7360           )   (-39192         )   (-57408         )   (-4784          )   (93886          )   (146510         )   (60996          )   (-162656        )   (-386308        )   (-386308        )   (0              )   (705432         )   (1352078        )   (1352078        )   (208012         )   (-2080120       )   (-4695128       )   (-6002632       )   (-4041376       )   (2496144        )   (13037895       )   (24151679       )   (29444186       )   (20916568       )   (-7973502       )   (-57889390      )   (-118951952     )   (-167713148     )   (-168117189     )   (-78676629      )   (132897910      )   (468371356      )   (874634984      )   (1223450592     )   (1305621472     )   (851828000      )   (-408363988     )   (-2642528052    )   (-5769410712    )   

(1              )   (-24            )   (252            )   (-1496          )   (5358           )   (-11064         )   (9452           )   (7704           )   (-17067         )   (-11984         )   (23712          )   (32544          )   (-15112         )   (-69024         )   (-48048         )   (61984          )   (165438         )   (124176         )   (-107848        )   (-392496        )   (-453492        )   (-67184         )   (705432         )   (1410864        )   (1352078        )   (0              )   (-2496144       )   (-4992288       )   (-5527176       )   (-2139552       )   (5824336        )   (16403232       )   (24448839       )   (22524728       )   (3665556        )   (-34306248      )   (-84112886      )   (-126055272     )   (-129228444     )   (-59037688      )   (108271419      )   (365829168      )   (656080336      )   (858655872      )   (796548144      )   (270728768      )   (-870550944     )   (-2629965888    )   (-4741985876    )   (-6567785952    )   (-7052140560    )   

(1              )   (-25            )   (275            )   (-1725          )   (6625           )   (-15155         )   (16425          )   (5225           )   (-27250         )   (-5100          )   (42580          )   (27700          )   (-52500         )   (-91300         )   (-1300          )   (156780         )   (198250         )   (-8450          )   (-364650        )   (-541450        )   (-209950        )   (629850         )   (1469650        )   (1469650        )   (0              )   (-2704156       )   (-5200300       )   (-5200300       )   (-742900        )   (8171900        )   (18275340       )   (23029900       )   (14672275       )   (-11700675      )   (-53084575      )   (-94721935      )   (-110222325     )   (-68051825      )   (54830275       )   (254249475      )   (480596270      )   (629882600      )   (554304600      )   (100799800      )   (-819963800     )   (-2142331320    )   (-3554339800    )   (-4443203800    )   (-3925257900    )   (-1009072100    )   (5074359244     )   

(1              )   (-26            )   (299            )   (-1976          )   (8099           )   (-20306         )   (26429          )   (-1196          )   (-38896         )   (10504          )   (63284          )   (5824           )   (-102076        )   (-88376         )   (92924          )   (252304         )   (136994         )   (-267956        )   (-615706        )   (-427856        )   (445094         )   (1494844        )   (1704794        )   (235144         )   (-2704156       )   (-5408312       )   (-5200300       )   (0              )   (9657700        )   (19315400       )   (21246940       )   (7726160        )   (-23661365      )   (-64706590      )   (-94389815      )   (-82942600      )   (-3721055       )   (148671770      )   (339605695      )   (484194620      )   (456291940      )   (124982000      )   (-580478600     )   (-1588288000    )   (-2609851400    )   (-3112255120    )   (-2381932280    )   (283543520      )   (5244693220     )   (12086136920    )   (19178640364    )   

(1              )   (-27            )   (324            )   (-2250          )   (9801           )   (-26703         )   (40338          )   (-13716         )   (-50220         )   (38076          )   (80352          )   (-40392         )   (-154116        )   (-38340         )   (231336         )   (297792         )   (-69822         )   (-611766        )   (-691560        )   (111996         )   (1412802        )   (2017458        )   (732564         )   (-2441880       )   (-5616324       )   (-5616324       )   (0              )   (10400600       )   (20058300       )   (20058300       )   (2674440        )   (-32093280      )   (-71206965      )   (-88590825      )   (-53567460      )   (52269570       )   (214433715      )   (370547595      )   (412809750      )   (217792980      )   (-294304320     )   (-1081906200    )   (-1912348800    )   (-2339679600    )   (-1772955000    )   (334492680      )   (4177070640     )   (9224478720     )   (13902084900    )   (15498835380    )   (10505201904    )   

(1              )   (-28            )   (350            )   (-2548          )   (11753          )   (-34552         )   (59192          )   (-35200         )   (-57988         )   (80528          )   (84728          )   (-116368        )   (-189700        )   (80192          )   (388208         )   (223328         )   (-442078        )   (-914200        )   (-382228        )   (1112888        )   (2301698        )   (1493552        )   (-1808800       )   (-5715808       )   (-6448372       )   (-832048        )   (10400600       )   (20801200       )   (20058300       )   (0              )   (-37442160      )   (-74884320      )   (-81904725      )   (-28081620      )   (95532570       )   (254937060      )   (364831635      )   (306511800      )   (-21773640      )   (-629600160     )   (-1359490440    )   (-1852788000    )   (-1601324400    )   (-116306400     )   (2790097800     )   (6670500480     )   (10178585760    )   (11048923200    )   (6502050660     )   (-5803283760    )   (-26295752616   )   

(1              )   (-29            )   (377            )   (-2871          )   (13978          )   (-44080         )   (84216          )   (-69368         )   (-56956         )   (139548         )   (63220          )   (-222604        )   (-179568        )   (280024         )   (507848         )   (-45240         )   (-933974        )   (-964018        )   (482154         )   (2359498        )   (2435420        )   (-674424        )   (-5470328       )   (-7568536       )   (-2585292       )   (9479404        )   (21544100       )   (21544100       )   (0              )   (-40116600      )   (-77558760      )   (-77558760      )   (-9694845       )   (126032985      )   (277728795      )   (341600715      )   (196558230      )   (-226593240     )   (-861390480     )   (-1447443360    )   (-1547733480    )   (-681540600     )   (1422711000     )   (4509053400     )   (7531764000     )   (8622068880     )   (5459653680     )   (-3848594640    )   (-19444390380   )   (-38251775460   )   (-52940960556   )   

(1              )   (-30            )   (405            )   (-3220          )   (16500          )   (-55536         )   (116840         )   (-120960        )   (-39180         )   (214280         )   (-1596          )   (-350640        )   (-85000         )   (554160         )   (501960         )   (-558976        )   (-1402470       )   (-498540        )   (1911650        )   (3306840        )   (1023264        )   (-4522000       )   (-8643480       )   (-5271360       )   (7280420        )   (21930408       )   (24515700       )   (2971600        )   (-40116600      )   (-80233200      )   (-77558760      )   (0              )   (145422675      )   (290845350      )   (316508175      )   (102651300      )   (-383991900     )   (-1003701600    )   (-1411905600    )   (-1136568000    )   (210585240      )   (2624511600     )   (5410303800     )   (7073935200     )   (5587592400     )   (-853866720     )   (-12638350800   )   (-27406252800   )   (-39153453900   )   (-38516448600   )   (-14953858236   )   

(1              )   (-31            )   (434            )   (-3596          )   (19344          )   (-69192         )   (158720         )   (-195920        )   (6820           )   (299460         )   (-130696        )   (-478144        )   (138136         )   (862296         )   (255936         )   (-1306960       )   (-1591478       )   (714922         )   (3623652        )   (3107192        )   (-2483224       )   (-9051752       )   (-8651232       )   (3364368        )   (21187508       )   (28557076       )   (9211960        )   (-36847840      )   (-82907640      )   (-82907640      )   (0              )   (155117520      )   (300540195      )   (300540195      )   (35357670       )   (-495007380     )   (-1084301880    )   (-1320019680    )   (-724522080     )   (962721120      )   (3446442360     )   (5649783480     )   (5811064080     )   (2064391680     )   (-6495886320    )   (-18524937840   )   (-29455555200   )   (-31585106400   )   (-15926054700   )   (23864404500    )   (85943443464    )   

(1              )   (-32            )   (464            )   (-4000          )   (22536          )   (-85344         )   (211760         )   (-301600        )   (97060          )   (382880         )   (-346736        )   (-563488        )   (530936         )   (1116960        )   (-351696        )   (-2170528       )   (-1148086       )   (2749792        )   (4943600        )   (803488         )   (-7894120       )   (-11979424      )   (-2527152       )   (18139680       )   (32598452       )   (18780512       )   (-29121680      )   (-84393440      )   (-93605400      )   (-10697760      )   (155117520      )   (310235040      )   (300540195      )   (0              )   (-565722720     )   (-1131445440    )   (-1225732560    )   (-377148480     )   (1538368800     )   (3950134080     )   (5471134200     )   (4228032960     )   (-1260469920    )   (-10818206400   )   (-21442876080   )   (-26976041280   )   (-19381720800   )   (7944283200     )   (55188441300    )   (110904955200   )   (149119589664   )   

(1              )   (-33            )   (495            )   (-4433          )   (26103          )   (-104313        )   (278135         )   (-446985        )   (253275         )   (442035         )   (-670461        )   (-540477        )   (1117435        )   (1172523        )   (-1413093       )   (-2880229       )   (312741         )   (5358705        )   (4802721        )   (-4280991       )   (-13782087      )   (-9973271       )   (11458425       )   (34652409       )   (30971501       )   (-15444891      )   (-82127595      )   (-108277675     )   (-33096195      )   (143416845      )   (319929885      )   (319929885      )   (0              )   (-601080390     )   (-1166803110    )   (-1166803110    )   (-129644790     )   (1944671850     )   (4237337610     )   (5110734090     )   (2681600130     )   (-4032635310    )   (-13749171150   )   (-22046437710   )   (-21852900990   )   (-5943190110    )   (28627171650    )   (75334896450    )   (114634771350   )   (115162843950   )   (42472523214    )   

(1              )   (-34            )   (527            )   (-4896          )   (30073          )   (-126446        )   (360315         )   (-642940        )   (504305         )   (439790         )   (-1114741       )   (-314296        )   (1884093        )   (821746         )   (-2936393       )   (-2990436       )   (3082763        )   (7815986        )   (1901297        )   (-11985136      )   (-17205241      )   (385662         )   (31790629       )   (43526188       )   (5192871        )   (-72195022      )   (-123432835     )   (-67455320      )   (116003835      )   (325613070      )   (358709265      )   (38779380       )   (-601080390     )   (-1202160780    )   (-1166803110    )   (0              )   (2203961430     )   (4407922860     )   (4755916770     )   (1391975640     )   (-6147892410    )   (-15543727980   )   (-21227628510   )   (-15775723920   )   (6464250510     )   (44226862380    )   (84740414250    )   (102820967400   )   (66785945850    )   (-47320752900   )   (-235173917586  )   

(1              )   (-35            )   (560            )   (-5390          )   (34475          )   (-152117        )   (461090         )   (-902480        )   (887705         )   (318885         )   (-1675436       )   (239750         )   (2752435        )   (-194005        )   (-4773890       )   (-1891540       )   (7172095        )   (8822555        )   (-4908120       )   (-20695850      )   (-13930819      )   (20865325       )   (51884630       )   (31829560       )   (-50029945      )   (-132610709     )   (-111653500     )   (67756850       )   (318671325      )   (412276725      )   (119759850      )   (-558879300     )   (-1237518450    )   (-1237518450    )   (0              )   (2333606220     )   (4537567650     )   (4537567650     )   (477638700      )   (-7642219200    )   (-16574062890   )   (-19822006050   )   (-9962178600    )   (16717354500    )   (54733052850    )   (86031414210    )   (82318103700    )   (15658242600    )   (-123197746350  )   (-304090390950  )   (-444622802736  )   

(1              )   (-36            )   (594            )   (-5916          )   (39339          )   (-181728        )   (583596         )   (-1241064       )   (1451601        )   (-4924          )   (-2318130       )   (1272492        )   (3545427        )   (-2153448       )   (-6539328       )   (1116912        )   (12072087       )   (6550452        )   (-16002778      )   (-26882388      )   (578493         )   (49305456       )   (59459436       )   (-12480264      )   (-126169329     )   (-158720148     )   (-5152230       )   (285911620      )   (469069245      )   (244003320      )   (-460790280     )   (-1259189280    )   (-1378949130    )   (-141430680     )   (2333606220     )   (4667212440     )   (4537567650     )   (0              )   (-8597496600    )   (-17194993200   )   (-18484617690   )   (-5158497960    )   (24523335540    )   (61165047240    )   (82463391090    )   (59028699600    )   (-30716025120   )   (-179693989920  )   (-334208221470  )   (-391903119720  )   (-228345140556  )   

(1              )   (-37            )   (629            )   (-6475          )   (44696          )   (-215710        )   (731342         )   (-1676914       )   (2256815        )   (-651311        )   (-2959593       )   (2949159        )   (3949602        )   (-5294700       )   (-7527132       )   (6668436        )   (16506699       )   (-1087023       )   (-30190705      )   (-25067537      )   (29275732       )   (77424202       )   (38272726       )   (-93126410      )   (-194335211     )   (-100716701     )   (211571365      )   (507787445      )   (405033450      )   (-289101720     )   (-1237898640    )   (-1575507360    )   (-436077930     )   (2180389650     )   (4796857230     )   (4796857230     )   (0              )   (-9075135300    )   (-17672631900   )   (-17672631900   )   (-1767263190    )   (30043474230    )   (64883805690    )   (77002181850    )   (37135478460    )   (-68762604120   )   (-217536028440  )   (-335797968120  )   (-310618209750  )   (-34104886530   )   (521356212354   )   

(1              )   (-38            )   (665            )   (-7068          )   (50578          )   (-254524        )   (908238         )   (-2231360       )   (3379283        )   (-1785658       )   (-3442629       )   (5425716        )   (3477000        )   (-9716904       )   (-6654636       )   (15068064       )   (18237891       )   (-15862530      )   (-43879189      )   (-8565316       )   (70845490       )   (89718228       )   (-26857450      )   (-196529312     )   (-204611703     )   (83342018       )   (496346785      )   (580991500      )   (-29549940      )   (-1128718560    )   (-1788413760    )   (-888123840     )   (1826812950     )   (4879358460     )   (5315436390     )   (518579160      )   (-9075135300    )   (-18150270600   )   (-17672631900   )   (0              )   (33578000610    )   (67156001220    )   (71952858450    )   (19187428920    )   (-97681456320   )   (-240715017360  )   (-320725837560  )   (-221451748800  )   (139525977690   )   (726657510660   )   (1316223496074  )   

(1              )   (-39            )   (702            )   (-7696          )   (57018          )   (-298662        )   (1118624        )   (-2929212       )   (4912791        )   (-3631433       )   (-3502746       )   (8808228        )   (1433796        )   (-15237108      )   (-2457936       )   (25919400       )   (14021163       )   (-38317149      )   (-50471278      )   (28721784       )   (116697906      )   (64725154       )   (-141568752     )   (-284383164     )   (-95936243      )   (396629181      )   (726291930      )   (314589860      )   (-876943080     )   (-1946561760    )   (-1477538400    )   (1211165280     )   (4814225910     )   (6039958470     )   (1596677940     )   (-8515615680    )   (-18627909300   )   (-18627909300   )   (0              )   (35345263800    )   (68923264410    )   (68923264410    )   (6564120420     )   (-118154167560  )   (-254210481720  )   (-299562586440  )   (-138858389280  )   (281141537040   )   (863571012330   )   (1311176567610  )   (1174085042364  )   

(1              )   (-40            )   (740            )   (-8360          )   (64050          )   (-348648        )   (1367300        )   (-3799160       )   (6972055        )   (-6484960       )   (-2724840       )   (13088880       )   (-3093780       )   (-21198480      )   (6817800        )   (37653072       )   (-164565        )   (-66524040      )   (-40361020      )   (89303320       )   (148557658      )   (-20113000      )   (-291132060     )   (-292377720     )   (180452365      )   (768954032      )   (701987600      )   (-436006400     )   (-1942129200    )   (-2134804800    )   (280780320      )   (4447022400     )   (6838917750     )   (3250424400     )   (-7232814600    )   (-18941786160   )   (-20538464100   )   (-1910554800    )   (35345263800    )   (70690527600    )   (68923264410    )   (0              )   (-131282408400  )   (-262564816800  )   (-280466963400  )   (-71608586400   )   (388658197200   )   (947516512800   )   (1248804451050  )   (832838994000   )   (-615429098856  )   

(1              )   (-41            )   (779            )   (-9061          )   (71709          )   (-405039        )   (1659557        )   (-4874203       )   (9696172        )   (-10732898      )   (-487818        )   (18050742       )   (-11220798      )   (-26231718      )   (22983042       )   (47000514       )   (-28470195      )   (-94665105      )   (-1978045       )   (168047315      )   (137998333      )   (-179229983     )   (-430136043     )   (-140249643     )   (624958162      )   (1033007464     )   (197087000      )   (-1642894600    )   (-2713011000    )   (-963557400     )   (3586832520     )   (7472294280     )   (5417167230     )   (-5010243870    )   (-18743907270   )   (-23220064230   )   (-5874956010    )   (33291417390    )   (72457790790    )   (72457790790    )   (0              )   (-137846528820  )   (-269128937220  )   (-269128937220  )   (-24466267020   )   (464859073380   )   (996734443380   )   (1166934561780  )   (520705987230   )   (-1144063920870 )   (-3425171007726 )   

(1              )   (-42            )   (819            )   (-9800          )   (80031          )   (-468426        )   (2001209        )   (-6192108       )   (13252470       )   (-16872772      )   (4105206        )   (23131584       )   (-24190698      )   (-27980820      )   (47465658       )   (48500088       )   (-73971135      )   (-111695850     )   (75656315       )   (247659720      )   (49563423       )   (-405663226     )   (-477339303     )   (242683140      )   (1148140588     )   (931231728      )   (-937696200     )   (-2974764800    )   (-2401986600    )   (2060478000     )   (7574425320     )   (7873054560     )   (-1654366770    )   (-17498945100   )   (-26222364630   )   (-11954614320   )   (28610558130    )   (73651887540    )   (79526843550    )   (7069052760     )   (-137846528820  )   (-275693057640  )   (-269128937220  )   (0              )   (513791607420   )   (1027583214840  )   (1094599511460  )   (268065186480   )   (-1545097949850 )   (-3730573845180 )   (-4867617011166 )   

(1              )   (-43            )   (860            )   (-10578         )   (89053          )   (-539435        )   (2398626        )   (-7795900       )   (17840786       )   (-25536926      )   (12313824       )   (27234996       )   (-43218870      )   (-22818294      )   (80609004       )   (34177776       )   (-136793535     )   (-100547115     )   (198500900      )   (294847990      )   (-150908027     )   (-655698099     )   (-321710950     )   (875650796      )   (1538425104     )   (173375656      )   (-2626784000    )   (-3726156400    )   (-178613400     )   (6685837800     )   (10139307120    )   (2863511040     )   (-14536964850   )   (-28727176410   )   (-19951650840   )   (20538464100    )   (73058250870    )   (89489022150    )   (21712090620    )   (-130272543720  )   (-282257178060  )   (-282257178060  )   (0              )   (538257874440   )   (1052049481860  )   (1052049481860  )   (91482563640    )   (-1829651272800 )   (-3910879595610 )   (-4551257541090 )   (-1957726861896 )   

(1              )   (-44            )   (902            )   (-11396         )   (98813          )   (-618728        )   (2858768        )   (-9734384       )   (23698202       )   (-37520296      )   (25867380       )   (28474728       )   (-69214134      )   (-5594688       )   (120650904      )   (-6389328       )   (-211538415     )   (-38498460      )   (361096670      )   (258942860      )   (-481661147     )   (-835543192     )   (154142056      )   (1673214752     )   (1460338264     )   (-1443136288    )   (-4416671600    )   (-2889260000    )   (4384439400     )   (11427504000    )   (8195135520     )   (-9219967680    )   (-29483954610   )   (-29137201320   )   (8365500660     )   (68807266440    )   (100788589110   )   (44161109520    )   (-113104844160  )   (-286801569120  )   (-308513659740  )   (-26256481680   )   (538257874440   )   (1076515748880  )   (1052049481860  )   (0              )   (-2012616400080 )   (-4025232800160 )   (-4276809850170 )   (-1006308200040 )   (6138480020244  )   

(1              )   (-45            )   (945            )   (-12255         )   (109350         )   (-707004        )   (3389220        )   (-12062700      )   (31104270       )   (-53812430      )   (47095542       )   (23835510       )   (-102328080     )   (30505500       )   (162345780      )   (-85345356      )   (-284105115     )   (100473255      )   (538566845      )   (75316365       )   (-924230502     )   (-796451400     )   (1028777040     )   (2393707680     )   (507616440      )   (-3856196376    )   (-5386595400    )   (557487800      )   (10720447200    )   (13379072400    )   (-1280800080    )   (-26891038800   )   (-37935058050   )   (-8104350150    )   (58535553150    )   (110611818270   )   (73785874500    )   (-83630194200   )   (-285057257400  )   (-345649138200  )   (-80559659700   )   (510211178100   )   (1100982015900  )   (1100982015900  )   (0              )   (-2104098963720 )   (-4116715363800 )   (-4116715363800 )   (-343059613650  )   (7204251886650  )   (15355348306974 )   

(1              )   (-46            )   (989            )   (-13156         )   (120704         )   (-805000        )   (3998228        )   (-14842912      )   (40386758       )   (-75634212      )   (79086190       )   (8730616        )   (-141268484     )   (93893176       )   (195227956      )   (-214808960     )   (-328223363     )   (340460122      )   (678080457      )   (-323736868     )   (-1398600100    )   (-346590496     )   (2275089344     )   (2611242944     )   (-1668555976    )   (-6539985232    )   (-4214187880    )   (7116490720     )   (16721962320    )   (8660140320     )   (-19378804560   )   (-43708243200   )   (-27861223650   )   (39904542300    )   (114648795750   )   (108189507720   )   (-39248254320   )   (-270450197520  )   (-388247066520  )   (-163781689920  )   (446956926780   )   (1118287424280  )   (1198847083980  )   (97865068080    )   (-2104098963720 )   (-4208197927440 )   (-4116715363800 )   (0              )   (7890371113950  )   (15780742227900 )   (16727586761574 )   

(1              )   (-47            )   (1034           )   (-14100         )   (132916         )   (-913492        )   (4694736        )   (-18144632      )   (51927950       )   (-104479778     )   (125874836      )   (-23566928      )   (-182296644     )   (194133500      )   (201575104      )   (-403689768     )   (-302295211     )   (694611637      )   (691771850      )   (-988125932     )   (-1739252296    )   (711357408      )   (3679627744     )   (1740692000     )   (-5150349864    )   (-8353223144    )   (512559440      )   (16057425920    )   (18546406800    )   (-6237377520    )   (-42936462720   )   (-47887096800   )   (11668165950    )   (107295155550   )   (142134866700   )   (21026782920    )   (-234600486840  )   (-426554175720  )   (-273900847200  )   (338811595920   )   (1113331902540  )   (1337705473260  )   (299977708680   )   (-1999851391200 )   (-4299680491080 )   (-4299680491080 )   (0              )   (8233430727600  )   (16123801841550 )   (16123801841550 )   (1289904147324  )   

(1              )   (-48            )   (1080           )   (-15088         )   (146028         )   (-1033296       )   (5488424        )   (-22045680      )   (66171534       )   (-142164144     )   (192670248      )   (-82646352      )   (-217809140     )   (340917648      )   (154225752      )   (-652614224     )   (-147529899     )   (1151672160     )   (454220736      )   (-1917448896    )   (-1680449328    )   (2509412672     )   (4766325600     )   (-852237888     )   (-9483971752    )   (-7536495168    )   (9682510560     )   (24714817600    )   (11146372560    )   (-32183818560   )   (-62645526240   )   (-24659697600   )   (82782661950    )   (166741485600   )   (94286041200    )   (-168956909280  )   (-445610961960  )   (-402964164000  )   (176243340240   )   (1062856630560  )   (1498565341260  )   (609607009440   )   (-1765826228400 )   (-4365633036960 )   (-4665610745640 )   (-365930254560  )   (8233430727600  )   (16466861455200 )   (16123801841550 )   (0              )   (-30957699535776)   

(1              )   (-49            )   (1127           )   (-16121         )   (160083         )   (-1165269       )   (6389747        )   (-26632781      )   (83630113       )   (-190877099     )   (286121437      )   (-181865411     )   (-234381847     )   (542154081      )   (14544537       )   (-946521191     )   (211177358      )   (1657909316     )   (-191214268     )   (-3017104636    )   (-862656172     )   (5007655156     )   (4755155412     )   (-5629733676    )   (-13409229652   )   (-1977781316    )   (22777719580    )   (28127516060    )   (-10155746580   )   (-64632310260   )   (-62910199380   )   (37721155500    )   (169823212650   )   (170999374350   )   (-68197555650   )   (-425726547330  )   (-533423690730  )   (-45165930810   )   (937005737430   )   (1647375687510  )   (1020227767650  )   (-1367295905430 )   (-4352336152710 )   (-5186316732870 )   (-1120661404590 )   (7844629832130  )   (16809921068850 )   (16809921068850 )   (0              )   (-32247603683100)   (-63205303218876)   

(1              )   (-50            )   (1175           )   (-17200         )   (175125         )   (-1310310       )   (7409975        )   (-32002300      )   (104893375      )   (-253243950     )   (414631685      )   (-339476600     )   (-210127625     )   (800790150      )   (-268973475     )   (-1244583740    )   (859636000      )   (2095190600     )   (-1411842300    )   (-4046518400    )   (1125034700     )   (7858002200     )   (2597847300     )   (-12542197200   )   (-14691959500   )   (10148718488    )   (36882000700    )   (19454077600    )   (-46956701100   )   (-91277518200   )   (-24923097060   )   (138618457200   )   (232999358850   )   (64352307900    )   (-345843996450  )   (-635175432480  )   (-317146028550  )   (704535422100   )   (1731873021150  )   (1505237233800  )   (-769286373570  )   (-4177037814300 )   (-5794782156150 )   (-2276426583600 )   (6975545477550  )   (17061498118860 )   (18182159523450 )   (1372238454600  )   (-32247603683100)   (-64495207366200)   (-63205303218876)   

