1              1              1              1              1              1              1              1              1              1              1              1              1              1              1              1              1              1              1              1              1              1              1              1              1              

1              2              1              2              5              10             17             26             37             50             65             82             101            122            145            170            197            226            257            290            325            362            401            442            485            

1              5              2              4              5              5              10             32             89             205            410            740            1237           1949           2930           4240           5945           8117           10834          14180          18245          23125          28922          35744          43705          

1              10             4              8              9              18             40             64             73             74             148            520            1649           4338           9864           20128          37825          66634          111428         178504         275833         413330         603144         859968         1201369        

1              17             13             17             18             36             52             68             157            433            941            1537           1898           1872           2448           7696           28097          85753          222037         508313         1060426        2057732        3767508        6575652        11024653       

1              26             41             26             36             72             100            200            425            650            761            1226           3656           10656          24336          43552          61529          68234          65969          112394         412820         1493384        4498884        11673864       27103249       

1              37             106            32             100            148            200            400            625            925            2146           5392           10256          14032          15520          25664          82153          257149         640138         1278880        2082532        2749748        2904904        2838928        5597225        

1              50             232            64             260            232            400            800            1225           2450           5096           7840           10192          20384          59200          146560         270425         369538         399176         560960         1720804        5877160        16279568       36533536       68029105       

1              65             449            233            509            353            1025           1625           2450           4900           8036           12740          29204          69188          122564         159140         210365         519521         1611937        4039241        7691645        11138705       12454961       14011337       33792746       

1              82             793            802            733            922            2425           2650           4900           9800           15876          31752          65268          102312         145188         315432         864873         1913202        3071353        3714562        4916845        13057498       42478057       111547738      226807912      

1              101            1306           2276           821            2965           4226           4496           11956          19796          31752          63504          107604         178164         402984         918144         1568529        2063349        3296554        9076484        25279525       53636501       83743826       99220816       122975696      

1              122            2036           5512           1145           7778           5512           11936          26852          33320          63504          127008         213444         426888         871200         1393920        2109393        4732794        12330868       25230920       37353305       46009282       84762536       259868192      727477840      

1              145            3037           11849          3690           15696          8080           34192          44884          59780          149940         255780         426888         853776         1481040        2526480        5646465        12520233       21032341       28723585       52235458       145354880      368212032      690329664      947041360      

1              170            4369           23258          14184          24480          23440          76064          61348          155624         326340         441000         853776         1707552        2944656        5889312        11962665       19508346       30939337       70221866       175534216      340271360      484870464      654346368      1485472144     

1              197            6098           42512          45648          29520          80032          123968         118532         411188         540072         816768         1968912        3432528        5889312        11778624       20796633       36256077       80200978       174389072      291193760      414869312      817884288      2233850112     5243534608     

1              226            8296           73376          123856         30880          221504         152704         371044         825224         792864         2075904        4199184        6028704        11778624       23557248       41409225       82818450       167681800      278106400      456748864      1039136384     2512816384     4692673024     6620476304     

1              257            11041          120817         295265         56425          483913         199289         1072573        1206305        1746945        5179473        6970689        11387673       26685945       47298537       82818450       165636900      296510500      525539300      1152423844     2469666628     4123714244     6112765828     12663132820    

1              290            14417          191234         638045         216122         847145         543338         2364701        1538450        5256945        9752850        10886733       28307466       56132505       84290778       165636900      331273800      590976100      1181952200     2387543444     4018637480     6778544708     15393511016    36244906100    

1              325            18514          292708         1276909        810349         1186090        1967776        3915817        3229421        13360042       13767940       25402861       67740277       93942706       161301712      370126900      664592500      1181952200     2363904400     4278666964     7682689300     16721986216    35440592512    59368970596    

1              362            23428          435272         2402513        2524930        1318088        5932352        4914313        10822762       25072724       20457928       72543977       122705858      153940072      393275168      770927300      1198311400     2363904400     4727808800     8533694884     17067389768    34416885152    58677968128    101064336932   

1              401            29261          631201         4296266        6757892        1379284        14308964       5578589        32111969       34699613       54121601       167559106      174348416      367754816      912188992      1302928484     2313927044     5224228724     9479256644     17067389768    34134779536    62345341136    113124352016   244656095476   

1              442            36121          895322         7361460        16137864       2995588        28240264       11772793       73443850       41877721       169506922      281781896      299135232      1001183040     1614980224     2214463108     5548549864     10803043108    17256502120    34134779536    68269559072    124408576656   248817153312   501090100420   

1              485            44122          1245344        12161700       35311860       12084040       46010768       43649761       129319565      84967730       421738960      364876832      849824064      2154222720     2352912640     5330844740     12565983508    18441189416    33540091520    74757988240    136821223760   248817153312   497634306624   915785355940   

1              530            53384          1702208        19467684       72101160       44676880       61165856       146355257      175114066      293810120      782051360      559160384      2425961088     3383288064     4480852480     13934269700    21963987656    32228808352    79283399936    153747560720   251073998240   497634306624   995268613248   1828114918084  

1              577            64033          2290457        30313453       139148377      137963033      65497057       394975978      191005712      918260368      1082576272     1626235088     5260532752     4493985808     12828297872    28446359188    33009334852    77578458308    176240404132   264967699828   490370087012   1081663458148  1993993020292  3656229836168  

