(1      )   (0      )   (0      )   (0      )   (0      )   (0      )   (0      )   (0      )   (0      )   (0      )   (0      )   (0      )   (0      )   (0      )   (0      )   (0      )   (0      )   (0      )   (0      )   (0      )   (0      )   (0      )   (0      )   (0      )   (0      )   

(1      )   (-1     )   (-1     )   (-1     )   (-1     )   (-1     )   (-1     )   (-1     )   (-1     )   (-1     )   (-1     )   (-1     )   (-1     )   (-1     )   (-1     )   (-1     )   (-1     )   (-1     )   (-1     )   (-1     )   (-1     )   (-1     )   (-1     )   (-1     )   (-1     )   

(1      )   (-2     )   (-1     )   (0      )   (1      )   (2      )   (3      )   (4      )   (5      )   (6      )   (7      )   (8      )   (9      )   (10     )   (11     )   (12     )   (13     )   (14     )   (15     )   (16     )   (17     )   (18     )   (19     )   (20     )   (21     )   

(1      )   (-3     )   (0      )   (2      )   (3      )   (3      )   (2      )   (0      )   (-3     )   (-7     )   (-12    )   (-18    )   (-25    )   (-33    )   (-42    )   (-52    )   (-63    )   (-75    )   (-88    )   (-102   )   (-117   )   (-133   )   (-150   )   (-168   )   (-187   )   

(1      )   (-4     )   (2      )   (4      )   (3      )   (0      )   (-4     )   (-8     )   (-11    )   (-12    )   (-10    )   (-4     )   (7      )   (24     )   (48     )   (80     )   (121    )   (172    )   (234    )   (308    )   (395    )   (496    )   (612    )   (744    )   (893    )   

(1      )   (-5     )   (5      )   (5      )   (0      )   (-6     )   (-10    )   (-10    )   (-5     )   (5      )   (19     )   (35     )   (50     )   (60     )   (60     )   (44     )   (5      )   (-65    )   (-175   )   (-335   )   (-556   )   (-850   )   (-1230  )   (-1710  )   (-2305  )   

(1      )   (-6     )   (9      )   (4      )   (-6     )   (-12    )   (-10    )   (0      )   (15     )   (30     )   (39     )   (36     )   (16     )   (-24    )   (-84    )   (-160   )   (-243   )   (-318   )   (-363   )   (-348   )   (-234   )   (28     )   (498    )   (1248   )   (2363   )   

(1      )   (-7     )   (14     )   (0      )   (-14    )   (-14    )   (0      )   (20     )   (35     )   (35     )   (14     )   (-28    )   (-84    )   (-140   )   (-176   )   (-168   )   (-91    )   (77     )   (350    )   (728    )   (1190   )   (1686   )   (2128   )   (2380   )   (2247   )   

(1      )   (-8     )   (20     )   (-8     )   (-22    )   (-8     )   (20     )   (40     )   (35     )   (0      )   (-56    )   (-112   )   (-140   )   (-112   )   (-8     )   (176    )   (421    )   (680    )   (876    )   (904    )   (638    )   (-56    )   (-1300  )   (-3176  )   (-5689  )   

(1      )   (-9     )   (27     )   (-21    )   (-27    )   (9      )   (45     )   (45     )   (0      )   (-70    )   (-126   )   (-126   )   (-42    )   (126    )   (342    )   (534    )   (603    )   (441    )   (-43    )   (-891   )   (-2061  )   (-3393  )   (-4581  )   (-5157  )   (-4494  )   

(1      )   (-10    )   (35     )   (-40    )   (-25    )   (38     )   (65     )   (20     )   (-70    )   (-140   )   (-126   )   (0      )   (210    )   (420    )   (510    )   (360    )   (-105   )   (-870   )   (-1795  )   (-2600  )   (-2879  )   (-2150  )   (55     )   (4060   )   (9880   )   

(1      )   (-11    )   (44     )   (-66    )   (-11    )   (77     )   (66     )   (-44    )   (-154   )   (-154   )   (0      )   (252    )   (462    )   (462    )   (132    )   (-528   )   (-1353  )   (-2013  )   (-2068  )   (-1078  )   (1243   )   (4851   )   (9206   )   (13156  )   (14916  )   

(1      )   (-12    )   (54     )   (-100   )   (21     )   (120    )   (32     )   (-144   )   (-210   )   (-56    )   (252    )   (504    )   (462    )   (0      )   (-792   )   (-1584  )   (-1881  )   (-1188  )   (770    )   (3828   )   (7227   )   (9592   )   (9096   )   (3840   )   (-7556  )   

(1      )   (-13    )   (65     )   (-143   )   (78     )   (156    )   (-52    )   (-260   )   (-182   )   (182    )   (546    )   (546    )   (0      )   (-924   )   (-1716  )   (-1716  )   (-429   )   (2145   )   (5291   )   (7579   )   (7150   )   (2288   )   (-7800  )   (-22152 )   (-37388 )   

(1      )   (-14    )   (77     )   (-196   )   (168    )   (168    )   (-196   )   (-352   )   (-14    )   (532    )   (714    )   (168    )   (-924   )   (-1848  )   (-1716  )   (0      )   (3003   )   (6006   )   (7007   )   (4004   )   (-4004  )   (-16016 )   (-28392 )   (-34944 )   (-28028 )   

(1      )   (-15    )   (90     )   (-260   )   (300    )   (132    )   (-400   )   (-360   )   (330    )   (890    )   (540    )   (-720   )   (-1980  )   (-1980  )   (0      )   (3432   )   (6435   )   (6435   )   (1430   )   (-8580  )   (-20592 )   (-28600 )   (-24960 )   (-3120  )   (38740  )   

(1      )   (-16    )   (104    )   (-336   )   (484    )   (16     )   (-648   )   (-208   )   (842    )   (1072   )   (-168   )   (-1968  )   (-2508  )   (-528   )   (3432   )   (6864   )   (6435   )   (0      )   (-11440 )   (-22880 )   (-26312 )   (-13728 )   (18512  )   (65312  )   (110292 )   

(1      )   (-17    )   (119    )   (-425   )   (731    )   (-221   )   (-901   )   (187    )   (1445   )   (833    )   (-1479  )   (-3111  )   (-1683  )   (2805   )   (7293   )   (7293   )   (0      )   (-12870 )   (-24310 )   (-24310 )   (-4862  )   (34034  )   (80002  )   (108290 )   (87958  )   

(1      )   (-18    )   (135    )   (-528   )   (1053   )   (-630   )   (-1089  )   (900    )   (1971   )   (-86    )   (-3231  )   (-3384  )   (1155   )   (7326   )   (9009   )   (1716   )   (-12870 )   (-25740 )   (-24310 )   (0      )   (43758  )   (87516  )   (99450  )   (47736  )   (-80886 )   

(1      )   (-19    )   (152    )   (-646   )   (1463   )   (-1273  )   (-1102  )   (1976   )   (2147   )   (-1881  )   (-4940  )   (-1862  )   (6061   )   (11077  )   (5434   )   (-10868 )   (-27170 )   (-27170 )   (0      )   (48620  )   (92378  )   (92378  )   (16796  )   (-134368)   (-310726)   

(1      )   (-20    )   (170    )   (-780   )   (1975   )   (-2224  )   (-780   )   (3400   )   (1595   )   (-4580  )   (-5758  )   (2260   )   (12045  )   (11000  )   (-5720  )   (-27456 )   (-32890 )   (-5720  )   (48620  )   (97240  )   (92378  )   (0      )   (-167960)   (-335920)   (-377910)   

(1      )   (-21    )   (189    )   (-931   )   (2604   )   (-3570  )   (98     )   (5058   )   (-147   )   (-7917  )   (-4515  )   (9261   )   (16786  )   (3696   )   (-24024 )   (-40040 )   (-18018 )   (42042  )   (102102 )   (102102 )   (0      )   (-184756)   (-352716)   (-352716)   (-58786 )   

(1      )   (-22    )   (209    )   (-1100  )   (3366   )   (-5412  )   (1826   )   (6688   )   (-3575  )   (-11198 )   (121    )   (18412  )   (16676  )   (-13200 )   (-44616 )   (-36608 )   (25454  )   (103532 )   (121550 )   (19448  )   (-184756)   (-369512)   (-352716)   (0      )   (646646 )   

(1      )   (-23    )   (230    )   (-1288  )   (4278   )   (-7866  )   (4784   )   (7820   )   (-9131  )   (-13179 )   (9338   )   (27508  )   (7360   )   (-39192 )   (-57408 )   (-4784  )   (93886  )   (146510 )   (60996  )   (-162656)   (-386308)   (-386308)   (0      )   (705432 )   (1352078)   

(1      )   (-24    )   (252    )   (-1496  )   (5358   )   (-11064 )   (9452   )   (7704   )   (-17067 )   (-11984 )   (23712  )   (32544  )   (-15112 )   (-69024 )   (-48048 )   (61984  )   (165438 )   (124176 )   (-107848)   (-392496)   (-453492)   (-67184 )   (705432 )   (1410864)   (1352078)   

