-100   0.4598929452647242
-99    0.4607088237170202
-98    0.4612716560706945
-97    0.4616208046305454
-96    0.4619812965455495
-95    0.46256354759331736
-94    0.46337555158164495
-93    0.464216628936254
-92    0.4648601738221555
-91    0.4652604259938556
-90    0.46559344495931715
-89    0.46609287806507504
-88    0.4668318725351509
-87    0.46765547690712106
-86    0.46832866952781665
-85    0.4687606509097718
-84    0.46909074766004805
-83    0.469551939335211
-82    0.4702433870008607
-81    0.4710344380368521
-80    0.4716956915322065
-79    0.4721279776438027
-78    0.47246028180183863
-77    0.4729171511804869
-76    0.47358943308937246
-75    0.47434281319030663
-74    0.4749589888695228
-73    0.4753634064686197
-72    0.4757013052648612
-71    0.4761815670204933
-70    0.47685398391577716
-69    0.4775583277863898
-68    0.4781001971654718
-67    0.4784625221325361
-66    0.47882118677831986
-65    0.47934783318944024
-64    0.4800193808396876
-63    0.48064744813559107
-62    0.4810937367812469
-61    0.4814258931408307
-60    0.48183572295747856
-59    0.48241542853359554
-58    0.48305280064401807
-57    0.4835672103373249
-56    0.48392402400885126
-55    0.48427188564338997
-54    0.48475997355087513
-53    0.4853581378586369
-52    0.4858985718987535
-51    0.4862851065775387
-50    0.4866094224426486
-49    0.4870310363202766
-48    0.48757532769456075
-47    0.4881061136633705
-46    0.4885043903440223
-45    0.4888198926880535
-44    0.4892002321928066
-43    0.4896949917771554
-42    0.4901948578014868
-41    0.4905827183334394
-40    0.49088955281036284
-39    0.491245735919996
-38    0.4917000642811258
-37    0.49215755843713177
-36    0.4925172215886174
-35    0.492811610083526
-34    0.49315357794485304
-33    0.49357319559568485
-32    0.4939805844267301
-31    0.4943016380381456
-30    0.49458290422914813
-29    0.4949155102141143
-28    0.4952993753585381
-27    0.49565075525675295
-26    0.49593274899820555
-25    0.4962059184873864
-24    0.49652886203127455
-23    0.49687061296989393
-22    0.49716725700694187
-21    0.49742343760159247
-20    0.4976979904387784
-19    0.498007588321558
-18    0.498307844442752
-17    0.49857298018483487
-16    0.4988361556510265
-15    0.4991316165411772
-14    0.4994455120866021
-13    0.49975404577017885
-12    0.5000741559815806
-11    0.500443888612967
-10    0.5008811561143227
-9     0.5013991151288174
-8     0.5020518188416221
-7     0.5029518190490497
-6     0.5042957898555442
-5     0.5065061141134013
-4     0.5106798757198716
-3     0.5201179390298027
-2     0.5464475765648229
-1     0.6366118941412057
0      1.0
1      0.6366118941412058
2      0.2732237882824114
3      0.18306068840051293
4      0.15673348625446173
5      0.14729580167273362
6      0.14312394586621102
7      0.14092331537177094
8      0.13958949324071546
9      0.13869076234438824
10     0.13804269048561418
11     0.1375476588506929
12     0.13713589325508557
13     0.1367720269327596
14     0.136455782339327
15     0.1361815053707837
16     0.1359171440685544
17     0.13564291452661564
18     0.13537997372260774
19     0.13514863629787635
20     0.13492355862487768
21     0.1346692704749463
22     0.1344007220777936
23     0.13416123833680893
24     0.13394763979519256
25     0.13370909423511967
26     0.13342882329360742
27     0.13315574942756153
28     0.13292824091688693
29     0.1327091333813626
30     0.13244008154733683
31     0.1321344084887559
32     0.13186116561601735
33     0.13163968640221685
34     0.13140599374850698
35     0.13110677407982513
36     0.13078185580498844
37     0.130509111416835
38     0.13028965454869826
39     0.13004245584240015
40     0.12971978003973075
41     0.1293783110951525
42     0.12910192709565071
43     0.12888311851463935
44     0.12863028542268215
45     0.12829317383589928
46     0.12793410495041743
47     0.12764598523723103
48     0.12742679878437949
49     0.12717974313212466
50     0.12684023011801854
51     0.12646237161512708
52     0.1261508314551898
53     0.12592582597608076
54     0.12569534855992182
55     0.12537067060438561
56     0.12497894668882274
57     0.12463119581310342
58     0.12438544522251478
59     0.12417431112505753
60     0.12388577785638631
61     0.12349867906448839
62     0.12310938229023746
63     0.12281815063593202
64     0.12261051632534055
65     0.12237317189751544
66     0.12202506956471237
67     0.1216113631503146
68     0.12125270379692109
69     0.1210087093591293
70     0.12081040763260133
71     0.12053665100865689
72     0.12014826308903799
73     0.11973156190169347
74     0.11940467198663174
75     0.11918973603864612
76     0.11898886829645974
77     0.11868824136950934
78     0.11827848216254136
79     0.11786469160106915
80     0.11755714081907777
81     0.1173573544854595
82     0.11715655283075228
83     0.11684638184306347
84     0.11642833749278411
85     0.11601217236238655
86     0.11570662687352264
87     0.11551214059124158
88     0.1153206695057557
89     0.11502098884494781
90     0.1146060157112964
91     0.11417928048551713
92     0.11385617388058829
93     0.11365507377920542
94     0.11348054171139138
95     0.11321251672117141
96     0.11281718945753462
97     0.11237755276603566
98     0.11201738148141702
99     0.11178934589092597
100    0.11162824344199969
