0      1.0
1      0.6366118941412057
2      0.20491784121180856
3      0.17838747484465403
4      0.12060695626568894
5      0.10966068367978324
6      0.08699551753686204
7      0.08089278108664164
8      0.06868639346528586
9      0.06474716071626474
10     0.05706939652654853
11     0.054295089066720495
12     0.048997238138387286
13     0.04692678822283906
14     0.043038758658847216
15     0.04142833162097057
16     0.03844658342314323
17     0.037154480520528325
18     0.03479101470707441
19     0.03372896263890249
20     0.031806829046893595
21     0.03091681494153636
22     0.029321130269082445
23     0.028563373589067464
24     0.027216210768314722
25     0.026562473266837885
26     0.02540905366334677
27     0.024838706375924707
28     0.023839365788316223
29     0.023336968847915345
30     0.022462260097672517
31     0.022016015318910016
32     0.021243603866210953
33     0.020844332558200247
34     0.020156962079312928
35     0.01979741055437366
36     0.01918153088147882
37     0.018855886900400673
38     0.018300705233340923
39     0.018004253985358466
40     0.017501064204177737
41     0.01722993883680355
42     0.01677163806301832
43     0.016522635663986693
44     0.01610336967212483
45     0.01587381343544573
46     0.015488712472510028
47     0.01527634701866817
48     0.014921326179794837
49     0.014724237049975471
50     0.014395843487586046
51     0.014212394515660531
52     0.013907689118385354
53     0.01373647319650011
54     0.013452937974495812
55     0.013292737972635986
56     0.013028202846865051
57     0.012877960314917152
58     0.012630544716894957
59     0.012489334612081094
60     0.01225740050469709
61     0.01212441062778493
62     0.011906524417658286
63     0.011781038561135116
64     0.011575939994659874
65     0.011457324040845348
66     0.011263900630790389
67     0.01115159101207664
68     0.010968856877769542
69     0.010862350941728901
70     0.01068942919687655
71     0.010588277117716918
72     0.010424385129126903
73     0.010328183082303637
74     0.010172620066646697
75     0.01008100444137848
76     0.009933140977442533
77     0.009845783446783232
78     0.00970505256590362
79     0.009621655869078195
80     0.009487545452770363
81     0.009407839772036514
82     0.009279886037853183
83     0.009203625873948474
84     0.009081407771602438
85     0.009008369239186022
86     0.008891503611540244
87     0.008821482089928738
88     0.008709619479454991
89     0.008642427565132659
90     0.008535248567315828
91     0.0084707142837482
92     0.008367926365765485
93     0.008305891593403787
94     0.008207226310080348
95     0.008147545405458005
96     0.008052755955647481
97     0.007995294533405983
98     0.00790415360907341
99     0.007848787464824971
100    0.007761085352619892
